Dict{String,AbstractArray}("lambda" => [3.2659068224112433, 9.892677804499055, 1.7226119443804673, 0.868803428709235],"path" => [3.580755260647818 6.974700813396331 1.7920226194275233 1.1525213065283262; 3.6115189121549407 8.335155977838497 2.0197098178062864 0.2836152922002781; 3.2659068224112433 9.892677804499055 1.7226119443804673 0.868803428709235; 2.616496712703355 10.907902771089647 1.3205716739367055 1.6550288422702923],"index" => Bool[1, 1, 1, 0])

Dict{String,AbstractArray}("lambda" => [4.599128987281651, 9.587729085657871, 1.317367606285614, 0.24577432077486308],"path" => [3.9847898681812834 7.248117483205649 0.8683375430095492 1.3987551056035186; 1.457383835655573 10.731415243407646 1.3171926649210703 0.7440082560157105; 4.599128987281651 9.587729085657871 1.317367606285614 0.24577432077486308; 5.548469261243073 8.78855561231423 1.111108059915301 1.0518670665273957],"index" => Bool[1, 1, 1, 0])

Dict{String,AbstractArray}("lambda" => [4.687399550512591, 8.287317256444567, 2.416732286249862, 0.35855090679298063],"path" => [4.67006377636334 6.432203173841953 2.354552354862713 0.04318069493199429; 4.37375200942112 7.499042278602391 2.354548375048633 0.02265733692785558; 4.687399550512591 8.287317256444567 2.416732286249862 0.35855090679298063; 5.151063619353917 8.25964010557347 2.30686699831525 0.7824292767573634],"index" => Bool[1, 1, 1, 0])

Dict{String,AbstractArray}("lambda" => [3.4944195434499377, 8.728376037319657, 1.2891853472697903, 2.988019071960614],"path" => [3.1856608895813947 8.9493331082183 1.2725820584317002 0.09242394376860695; 3.476230221857906 8.724692546555998 1.2262785181729743 0.822798713413123; 3.042252630386331 7.749452872549718 1.29626237023192 3.6620321268320306; 3.4944195434499377 8.728376037319657 1.2891853472697903 2.988019071960614],"index" => Bool[1, 1, 1, 1])

Dict{String,AbstractArray}("lambda" => [0.5586625028616733, 8.985703463405436, 2.486601351205017, 3.719032682527873],"path" => [0.3960559356758711 8.785876928766557 2.06402254673001 2.2540445888275618; 0.5119810542419647 8.879310533665485 2.3633716182681446 2.4953367938244044; 0.5586625028616733 8.985703463405436 2.486601351205017 3.719032682527873; 1.9202130197472094 8.786349772824114 2.307342093770651 3.4860951136580254],"index" => Bool[0, 1, 1, 1])

Dict{String,AbstractArray}("lambda" => [0.0851429692185984, 10.46931751475077, 3.496916593138248, 2.448622922892382],"path" => [0.026689202271550836 7.744028255968489 3.2251645421500927 2.504117999609866; 0.05634503653181489 7.997882869627336 3.64623737425681 2.5495347195840394; 0.32004435079104643 9.086119134003056 3.790907422974991 2.5529290922309067; 0.0851429692185984 10.46931751475077 3.496916593138248 2.448622922892382],"index" => Bool[0, 1, 1, 1])

Dict{String,AbstractArray}("lambda" => [4.1291938239722175, 8.310510914295532, 3.146204368345506, 0.1640908933867434],"path" => [3.7850395404521486 7.259212663015354 2.4534086316346535 0.002339164897844265; 3.8989541333179534 7.259539496597136 2.8586656406328173 0.23284072945209422; 4.1291938239722175 8.310510914295532 3.146204368345506 0.1640908933867434; 3.6884232178027627 8.279488101036039 4.12922674594859 0.40286193521260755],"index" => Bool[1, 1, 1, 0])

Dict{String,AbstractArray}("lambda" => [4.194776419064721, 7.530103548171029, 2.758837004438423, 2.016283028325828],"path" => [3.4970385588494137 7.002988467223039 1.705770623956256 1.294202349971291; 3.4567694332879295 6.992269810476644 2.0002338470010548 1.8007269092343714; 3.871062912122946 7.483868922978229 2.448633086336001 1.9464350785628226; 4.194776419064721 7.530103548171029 2.758837004438423 2.016283028325828],"index" => Bool[1, 1, 1, 1])

Dict{String,AbstractArray}("lambda" => [5.438259818654139, 6.860236877824031, 0.6939333516142558, 3.5075699519075743],"path" => [4.370376723929604 7.402628488615348 0.6035794611208027 1.1234153263342457; 5.425379312318241 6.728874795135203 0.016698911604561346 2.0790469809419956; 4.968737280182605 6.6678534996185705 0.7052968101583647 3.408112410040461; 5.438259818654139 6.860236877824031 0.6939333516142558 3.5075699519075743],"index" => Bool[1, 1, 1, 1])

Dict{String,AbstractArray}("lambda" => [4.967082456047437, 7.751165430817925, 2.5387338843430216, 1.2430182287916185],"path" => [0.5314727650694184 8.548086632144766 3.1319031218260287 1.2885374809597876; 0.5263184367358898 9.730964715729012 3.1865550922475396 0.8061617552875586; 2.6139310495338908 9.722313158052307 2.4963796304546 0.9173761619592024; 4.967082456047437 7.751165430817925 2.5387338843430216 1.2430182287916185],"index" => Bool[1, 1, 1, 1])

