Dict{String,AbstractArray}("lambda" => [2.6259325017650363, 11.381281110174982, 2.435344126819891, 1.557442261240091],"path" => [0.01090197194132448 7.552028228574951 1.434650988297593 0.0024188111861316655; 0.5695777535303589 8.944844770565627 2.4044058435888855 0.08117163231512757; 0.6944970004133689 11.173763992048437 2.927027134748232 0.2047118727899612; 2.6259325017650363 11.381281110174982 2.435344126819891 1.557442261240091],"index" => Bool[1, 1, 1, 1])

Dict{String,AbstractArray}("lambda" => [3.6666844357651374, 10.595508186106986, 3.4442021630316555, 0.2936052150962223],"path" => [1.100183950094807 6.36403476699476 1.4099509192198232 0.1258303636906094; 1.0477101677107037 8.090131566799101 2.7829679767893056 0.07919028870088907; 3.4240215537077825 8.257973463534574 2.776212534985912 0.5417924477717311; 3.6666844357651374 10.595508186106986 3.4442021630316555 0.2936052150962223],"index" => Bool[1, 1, 1, 0])

Dict{String,AbstractArray}("lambda" => [5.419677081208372, 9.785593860932805, 2.622267603822817, 0.17246145403600782],"path" => [0.04969908561506595 7.072398360481889 1.8336237511284306 0.044278802774614046; 0.4102106969176351 8.207090353823872 1.8215140409358053 1.5611849083226874; 3.2152694232199446 8.477239492845072 3.2096898272544987 0.09780125668048394; 5.419677081208372 9.785593860932805 2.622267603822817 0.17246145403600782],"index" => Bool[1, 1, 1, 0])

Dict{String,AbstractArray}("lambda" => [4.736783727284008, 8.827589145941996, 2.683912575057238, 1.7517145517167574],"path" => [0.017680036320607582 6.468887187431902 2.3642912443473496 0.1491415319001412; 0.027985664232314994 8.132629244991653 2.340720222910135 1.498664867865896; 4.728927843954763 7.240345933736071 1.700830402986972 1.3298958193221928; 4.736783727284008 8.827589145941996 2.683912575057238 1.7517145517167574],"index" => Bool[1, 1, 1, 1])

Dict{String,AbstractArray}("lambda" => [4.425845975423757, 8.639516065652245, 4.132723114981406, 0.8019148439425894],"path" => [0.7671041346756748 6.312188679921828 1.4952903510920528 0.425416834310444; 0.8911259356093025 8.078002879408075 1.6705986537640158 1.3602725312186066; 2.6814167983404023 9.562410773620366 1.8649709940960466 0.8912014339431855; 4.425845975423757 8.639516065652245 4.132723114981406 0.8019148439425894],"index" => Bool[1, 1, 1, 0])

Dict{String,AbstractArray}("lambda" => [5.221948682084699, 9.370776385355406, 3.3077166884524303, 0.09955824410746378],"path" => [0.44155007797862655 7.330002303619345 1.2068578874185292 0.02158973098349928; 3.0463261159887876 7.1730924364214665 1.5637600274491237 0.21682142014062133; 3.3774397011160495 9.61334737310374 1.8788751902937473 0.13033773548646163; 5.221948682084699 9.370776385355406 3.3077166884524303 0.09955824410746378],"index" => Bool[1, 1, 1, 0])

Dict{String,AbstractArray}("lambda" => [0.5693829462447668, 10.668905272969303, 3.7044086526550446, 0.057303128130886345],"path" => [2.089655009740815 5.926759089580126 0.8211522321967045 0.16243366848235488; 0.2565731413978134 10.421748525146699 1.190475077026362 0.1312032564291244; 0.5693829462447668 10.668905272969303 3.7044086526550446 0.057303128130886345; 3.2037846588883347 11.389953864315903 2.2504054508422073 1.155856025953554],"index" => Bool[0, 1, 1, 0])

Dict{String,AbstractArray}("lambda" => [5.757719989439738, 9.83052063093826, 2.0170556790406198, 0.3947037005813801],"path" => [0.026679977168609766 7.90070765805497 1.0588154353419676 0.01379692943445237; 0.18137629789823373 9.84696604953967 1.9511698258130734 0.020487826749022164; 4.945823568098162 8.504163259583846 1.4892353763191541 0.060777795998838556; 5.757719989439738 9.83052063093826 2.0170556790406198 0.3947037005813801],"index" => Bool[1, 1, 1, 0])

Dict{String,AbstractArray}("lambda" => [4.084028731833016, 12.50050722140545, 1.1355149673480625, 0.27994907941347363],"path" => [0.16492579795122905 7.275820710761357 1.1258335690192554 0.43341992226815956; 3.0140043794330764 7.883595000178441 0.9739345789939772 0.12846604139450435; 4.080706321800768 9.510723629816201 1.1224959182916228 0.2860741300914079; 4.084028731833016 12.50050722140545 1.1355149673480625 0.27994907941347363],"index" => Bool[1, 1, 0, 0])

Dict{String,AbstractArray}("lambda" => [3.377984243403745, 10.978026228898125, 3.6014682889218093, 0.04252123877631995],"path" => [2.5588749677121445 5.53328277798372 0.891347041302196 0.016495213001941286; 5.248735459200151 6.46312081293631 0.2498493724458969 0.03829435541764057; 4.370456044995581 7.533628609968737 3.0597794642436886 0.03613588079199265; 3.377984243403745 10.978026228898125 3.6014682889218093 0.04252123877631995],"index" => Bool[1, 1, 1, 0])

